
<<<<<<< HEAD
"Riazul Islam",admin@admin.com,640ed55915eff_334202974_751808443178348_3721446405812860049_n.jpg
Rana,accountant@example.com,640ed89876598_avatar-icon-images-4.jpg
=======
"Riazul Islam",admin@admin.com,640ed55915eff_334202974_751808443178348_3721446405812860049_n.jpg
Rana,accountant@example.com,640ed89876598_avatar-icon-images-4.jpg
>>>>>>> e54e62b143876aaa2e2e505104f00049e04e7402
